0
GrassLane 3 901 0 3
GrassLane 3 773 0 4
GrassLane 2 645 1 rock2 748.000000 649.000000 5
AnimalLane 517 1 animal1 876.000000 541.000000 6
AnimalLane 389 3 animal3 1516.000000 413.000000 animal3 492.000000 413.000000 animal1 620.000000 413.000000 7
AnimalLane 261 4 animal3 1004.000000 285.000000 animal3 108.000000 285.000000 animal2 -20.000000 285.000000 animal1 492.000000 285.000000 8
RoadLane 133 6 car1 1429.000000 103.000000 0 car2 1229.000000 103.000000 0 car1 -171.000000 103.000000 0 car3 229.000000 103.000000 0 car3 429.000000 103.000000 0 car3 829.000000 103.000000 0 9
RailLane 5 train 1576.000000 -115.000000 0 0 10
AnimalLane -123 7 animal1 -20.000000 -99.000000 animal2 748.000000 -99.000000 animal1 492.000000 -99.000000 animal3 108.000000 -99.000000 animal1 364.000000 -99.000000 animal3 1516.000000 -99.000000 animal2 1260.000000 -99.000000 11
character 896 901 0.800000 1 7 3